{"global_poses": [[[1.0, 0.0, 0.0, 0.0], [0.0, 1.0, 0.0, 0.0], [0.0, 0.0, 1.0, 0.0], [0.0, 0.0, 0.0, 1.0]], [[0.9993237775953989, -0.03675491912134466, 0.001031238500678232, -55.4112630758819], [0.03674714363867095, 0.9973511785704255, -0.06277160216676128, -57.63836404680156], [0.0012786582267179005, 0.06276704967231356, 0.9980273856506007, 119.27607225630578], [0.0, 0.0, 0.0, 1.0]], [[0.9957786430715145, -0.09134162576177822, 0.00903334964719688, -130.08475316639792], [0.09158901355105367, 0.9823403838910588, -0.16315275901287143, -146.35567311846015], [0.006028814095505748, 0.16329138856645947, 0.98655946390506, 210.89200259925335], [0.0, 0.0, 0.0, 1.0]], [[0.9899783980058324, -0.13959774288646398, 0.0213363929193831, -200.77713243937387], [0.1405355692035449, 0.9590337093077435, -0.2459758081602053, -249.30815145701519], [0.013875347579115087, 0.24650925863430603, 0.9690411034301504, 291.15603448652416], [0.0, 0.0, 0.0, 1.0]], [[0.9807718352914105, -0.1910293874594984, 0.039929691032702025, -275.9997303107983], [0.19333623679999076, 0.923172574055645, -0.33222507137706, -372.0193502158128], [0.026602756231941777, 0.33355684918514794, 0.9423545626368772, 348.1112879313542], [0.0, 0.0, 0.0, 1.0]], [[0.968112649375763, -0.24492057748049662, 0.05264797095103575, -359.6555725406014], [0.24412044163869806, 0.8751499172982127, -0.4177533150401789, -518.1898015682183], [0.05624151574031481, 0.4172847145290036, 0.907033824577496, 369.02641645614057], [0.0, 0.0, 0.0, 1.0]], [[0.952714865597086, -0.2915804082144921, 0.08552923719872908, -448.1687140279406], [0.2917884568740999, 0.7992956878984603, -0.5253436015999045, -681.9532808580748], [0.08481675132518292, 0.5254591029303781, 0.8465806812361384, 351.7148542750658], [0.0, 0.0, 0.0, 1.0]], [[0.9262771836756062, -0.3492922279069523, 0.14144086582662352, -541.2267443558727], [0.35486175484531307, 0.682165530405011, -0.639314730062866, -857.8279038492376], [0.1268215831398277, 0.642374601499038, 0.7558248192530195, 286.43048819454015], [0.0, 0.0, 0.0, 1.0]], [[0.8934648751061266, -0.3984062167326995, 0.20734754259535113, -636.6068261520365], [0.4087230720348897, 0.5298630287073993, -0.7430952975193589, -1037.9356293195913], [0.18618798924193833, 0.7486772717785408, 0.6362518175881972, 160.47086294463818], [0.0, 0.0, 0.0, 1.0]], [[0.8414448326815254, -0.4451259622898699, 0.30632249549955937, -746.8487056680729], [0.461938476611457, 0.2984820660132518, -0.8351774063600785, -1209.9331584943084], [0.2803273753657442, 0.8442578598769325, 0.45677700101534763, -59.6397444312567], [0.0, 0.0, 0.0, 1.0]]]}